35851102000004 359965940219992
35851102000006 359965940220008
35851102000007 359965940220016
35851102000012 359965940220024
35851102000013 359965940220032
35851102000015 359965940220040
35851102000021 359965940220057
35851102000022 359965940220065
35851102000023 359965940220073
35851102000030 359965940220081
35851102000031 359965940220099
35851102000032 359965940220107
35851102000036 359965940220115
35851102000038 359965940220123
35851102000039 359965940220131
35851102000042 359965940220149
35851102000046 359965940220156
35851102000047 359965940220164
35851102000050 359965940220172
35851102000052 359965940220180
35851102000053 359965940220198
35851102000056 359965940220206
35851102000057 359965940220214
35851102000058 359965940220222
35851102000059 359965940220230
35851102000063 359965940220248
35851102000065 359965940220255
35851102000067 359965940220263
35851102000072 359965940220271
35851102000073 359965940220289
35851102000074 359965940220297
35851102000075 359965940220305
35851102000078 359965940220313
35851102000079 359965940220321
35851102000081 359965940220339
35851102000083 359965940220347
35851102000084 359965940220354
35851102000085 359965940220362
35851102000086 359965940220370
35851102000087 359965940220388
35851102000089 359965940220396
35851102000090 359965940220404
35851102000095 359965940220412
35851102000096 359965940220420
35851102000098 359965940220438
35851102000106 359965940220446
35851102000109 359965940220453
35851102000110 359965940220461
35851102000111 359965940220479
35851102000112 359965940220487
35851102000115 359965940220495
35851102000116 359965940220503
35851102000117 359965940220511
35851102000120 359965940220529
35851102000121 359965940220537
35851102000122 359965940220545
35851102000126 359965940220552
35851102000127 359965940220560
35851102000128 359965940220578
35851102000129 359965940220586
35851102000130 359965940220594
35851102000133 359965940220602
35851102000134 359965940220610
35851102000135 359965940220628
35851102000139 359965940220636
35851102000140 359965940220644
35851102000142 359965940220651
35851102000143 359965940220669
35851102000145 359965940220677
35851102000146 359965940220685
35851102000150 359965940220693
35851102000152 359965940220701
35851102000154 359965940220719
35851102000155 359965940220727
35851102000157 359965940220735
35851102000158 359965940220743
35851102000161 359965940220750
35851102000162 359965940220768
35851102000165 359965940220776
35851102000166 359965940220784
35851102000169 359965940220792
35851102000170 359965940220800
35851102000171 359965940220818
35851102000172 359965940220826
35851102000176 359965940220834
35851102000177 359965940220842
35851102000180 359965940220859
35851102000181 359965940220867
35851102000182 359965940220875
35851102000185 359965940220883
35851102000187 359965940220891
35851102000188 359965940220909
35851102000191 359965940220917
35851102000192 359965940220925
35851102000194 359965940220933
35851102000196 359965940220941
35851102000198 359965940220958
35851102000199 359965940220966
35851102000201 359965940220974
35851102000202 359965940220982
35851102000203 359965940220990
35851102000206 359965940221006
35851102000207 359965940221014
35851102000209 359965940221022
35851102000212 359965940221030
35851102000213 359965940221048
35851102000214 359965940221055
35851102000215 359965940221063
35851102000217 359965940221071
35851102000219 359965940221089
35851102000220 359965940221097
35851102000221 359965940221105
35851102000223 359965940221113
35851102000224 359965940221121
35851102000225 359965940221139
35851102000226 359965940221147
35851102000227 359965940221154
35851102000228 359965940221162
35851102000229 359965940221170
35851102000230 359965940221188
35851102000232 359965940221196
35851102000235 359965940221204
35851102000237 359965940221212
35851102000238 359965940221220
35851102000240 359965940221238
35851102000241 359965940221246
35851102000242 359965940221253
35851102000243 359965940221261
35851102000244 359965940221279
35851102000247 359965940221287
35851102000248 359965940221295
35851102000249 359965940221303
35851102000250 359965940221311
35851102000251 359965940221329
35851102000253 359965940221337
35851102000257 359965940221345
35851102000258 359965940221352
35851102000259 359965940221360
35851102000260 359965940221378
35851102000261 359965940221386
35851102000262 359965940221394
35851102000263 359965940221402
35851102000264 359965940221410
35851102000265 359965940221428
35851102000268 359965940221436
35851102000275 359965940221444
35851102000278 359965940221451
35851102000279 359965940221469
35851102000280 359965940221477
35851102000281 359965940221485
35851102000283 359965940221493
35851102000284 359965940221501
35851102000287 359965940221519
35851102000288 359965940221527
35851102000289 359965940221535
35851102000290 359965940221543
35851102000291 359965940221550
35851102000293 359965940221568
35851102000295 359965940221576
35851102000297 359965940221584
35851102000298 359965940221592
35851102000299 359965940221600
35851102000301 359965940221618
35851102000306 359965940221626
35851102000307 359965940221634
35851102000308 359965940221642
35851102000310 359965940221659
35851102000311 359965940221667
35851102000314 359965940221675
35851102000315 359965940221683
35851102000319 359965940221691
35851102000321 359965940221709
35851102000322 359965940221717
35851102000324 359965940221725
35851102000325 359965940221733
35851102000327 359965940221741
35851102000329 359965940221758
35851102000332 359965940221766
35851102000334 359965940221774
35851102000335 359965940221782
35851102000337 359965940221790
35851102000338 359965940221808
35851102000339 359965940221816
35851102000340 359965940221824
35851102000341 359965940221832
35851102000342 359965940221840
35851102000344 359965940221857
35851102000346 359965940221865
35851102000353 359965940221873
35851102000354 359965940221881
35851102000357 359965940221899
35851102000359 359965940221907
35851102000362 359965940221915
35851102000365 359965940221923
35851102000366 359965940221931
35851102000367 359965940221949
35851102000369 359965940221956
35851102000370 359965940221964
35851102000371 359965940221972
35851102000372 359965940221980
35851102000377 359965940221998
35851102000379 359965940222004
35851102000382 359965940222012
35851102000384 359965940222020
35851102000385 359965940222038
35851102000388 359965940222046
35851102000392 359965940222053
35851102000393 359965940222061
35851102000396 359965940222079
35851102000398 359965940222087
35851102000399 359965940222095
35851102000404 359965940222103
35851102000406 359965940222111
35851102000407 359965940222129
35851102000408 359965940222137
35851102000410 359965940222145
35851102000413 359965940222152
35851102000415 359965940222160
35851102000417 359965940222178
35851102000418 359965940222186
35851102000421 359965940222194
35851102000425 359965940222202
35851102000426 359965940222210
35851102000429 359965940222228
35851102000430 359965940222236
35851102000433 359965940222244
35851102000437 359965940222251
35851102000438 359965940222269
35851102000439 359965940222277
35851102000440 359965940222285
35851102000443 359965940222293
35851102000447 359965940222301
35851102000448 359965940222319
35851102000449 359965940222327
35851102000456 359965940222335
35851102000458 359965940222343
35851102000459 359965940222350
35851102000460 359965940222368
35851102000461 359965940222376
35851102000465 359965940222384
35851102000466 359965940222392
35851102000467 359965940222400
35851102000468 359965940222418
35851102000470 359965940222426
35851102000471 359965940222434
35851102000474 359965940222442
35851102000475 359965940222459
35851102000481 359965940222467
35851102000486 359965940222475
35851102000487 359965940222483
35851102000492 359965940222491
35851102000497 359965940222509
35851102000499 359965940222517
35851102000503 359965940222525
35851102000505 359965940222533
35851102000506 359965940222541
35851102000507 359965940222558
35851102000509 359965940222566
35851102000510 359965940222574
35851102000511 359965940222582
35851102000512 359965940222590
35851102000513 359965940222608
35851102000514 359965940222616
35851102000517 359965940222624
35851102000520 359965940222632
35851102000526 359965940222640
35851102000528 359965940222657
35851102000530 359965940222665
35851102000532 359965940222673
35851102000534 359965940222681
35851102000536 359965940222699
35851102000539 359965940222707
35851102000543 359965940222715
35851102000547 359965940222723
35851102000549 359965940222731
35851102000550 359965940222749
35851102000551 359965940222756
35851102000553 359965940222764
35851102000554 359965940222772
35851102000558 359965940222780
35851102000560 359965940222798
35851102000565 359965940222806
35851102000566 359965940222814
35851102000567 359965940222822
35851102000568 359965940222830
35851102000569 359965940222848
35851102000570 359965940222855
35851102000571 359965940222863
35851102000575 359965940222871
35851102000576 359965940222889
35851102000578 359965940222897
35851102000579 359965940222905
35851102000582 359965940222913
35851102000584 359965940222921
35851102000585 359965940222939
35851102000590 359965940222947
35851102000591 359965940222954
35851102000593 359965940222962
35851102000594 359965940222970
35851102000597 359965940222988
35851102000599 359965940222996
35851102000600 359965940223002
35851102000605 359965940223010
35851102000606 359965940223028
35851102000608 359965940223036
35851102000610 359965940223044
35851102000613 359965940223051
35851102000617 359965940223069
35851102000621 359965940223077
35851102000622 359965940223085
35851102000625 359965940223093
35851102000629 359965940223101
35851102000632 359965940223119
35851102000634 359965940223127
35851102000635 359965940223135
35851102000636 359965940223143
35851102000637 359965940223150
35851102000638 359965940223168
35851102000639 359965940223176
35851102000640 359965940223184
35851102000643 359965940223192
35851102000644 359965940223200
35851102000645 359965940223218
35851102000646 359965940223226
35851102000652 359965940223234
35851102000657 359965940223242
35851102000659 359965940223259
35851102000661 359965940223267
35851102000662 359965940223275
35851102000669 359965940223283
35851102000670 359965940223291
35851102000673 359965940223309
35851102000676 359965940223317
35851102000678 359965940223325
35851102000679 359965940223333
35851102000680 359965940223341
35851102000686 359965940223358
35851102000687 359965940223366
35851102000689 359965940223374
35851102000690 359965940223382
35851102000691 359965940223390
35851102000694 359965940223408
35851102000696 359965940223416
35851102000697 359965940223424
35851102000698 359965940223432
35851102000701 359965940223440
35851102000704 359965940223457
35851102000707 359965940223465
35851102000708 359965940223473
35851102000710 359965940223481
35851102000711 359965940223499
35851102000713 359965940223507
35851102000715 359965940223515
35851102000719 359965940223523
35851102000720 359965940223531
35851102000721 359965940223549
35851102000722 359965940223556
35851102000726 359965940223564
35851102000728 359965940223572
35851102000730 359965940223580
35851102000735 359965940223598
35851102000737 359965940223606
35851102000738 359965940223614
35851102000740 359965940223622
35851102000741 359965940223630
35851102000742 359965940223648
35851102000743 359965940223655
35851102000744 359965940223663
35851102000745 359965940223671
35851102000749 359965940223689
35851102000750 359965940223697
35851102000753 359965940223705
35851102000754 359965940223713
35851102000755 359965940223721
35851102000758 359965940223739
35851102000762 359965940223747
35851102000765 359965940223754
35851102000767 359965940223762
35851102000770 359965940223770
35851102000772 359965940223788
35851102000774 359965940223796
35851102000775 359965940223804
35851102000777 359965940223812
35851102000779 359965940223820
35851102000781 359965940223838
35851102000785 359965940223846
35851102000788 359965940223853
35851102000789 359965940223861
35851102000791 359965940223879
35851102000792 359965940223887
35851102000793 359965940223895
35851102000794 359965940223903
35851102000796 359965940223911
35851102000798 359965940223929
35851102000799 359965940223937
35851102000800 359965940223945
35851102000802 359965940223952
35851102000803 359965940223960
35851102000810 359965940223978
35851102000811 359965940223986
35851102000813 359965940223994
35851102000814 359965940224000
35851102000817 359965940224018
35851102000818 359965940224026
35851102000819 359965940224034
35851102000821 359965940224042
35851102000826 359965940224059
35851102000829 359965940224067
35851102000830 359965940224075
35851102000833 359965940224083
35851102000834 359965940224091
35851102000837 359965940224109
35851102000839 359965940224117
35851102000840 359965940224125
35851102000846 359965940224133
35851102000848 359965940224141
35851102000850 359965940224158
35851102000854 359965940224166
35851102000856 359965940224174
35851102000857 359965940224182
35851102000860 359965940224190
35851102000861 359965940224208
35851102000863 359965940224216
35851102000866 359965940224224
35851102000868 359965940224232
35851102000869 359965940224240
35851102000870 359965940224257
35851102000871 359965940224265
35851102000874 359965940224273
35851102000875 359965940224281
35851102000879 359965940224299
35851102000880 359965940224307
35851102000881 359965940224315
35851102000883 359965940224323
35851102000888 359965940224331
35851102000890 359965940224349
35851102000893 359965940224356
35851102000894 359965940224364
35851102000895 359965940224372
35851102000898 359965940224380
35851102000899 359965940224398
35851102000900 359965940224406
35851102000901 359965940224414
35851102000904 359965940224422
35851102000905 359965940224430
35851102000906 359965940224448
35851102000908 359965940224455
35851102000911 359965940224463
35851102000916 359965940224471
35851102000917 359965940224489
35851102000920 359965940224497
35851102000923 359965940224505
35851102000925 359965940224513
35851102000927 359965940224521
35851102000928 359965940224539
35851102000935 359965940224547
35851102000937 359965940224554
35851102000938 359965940224562
35851102000939 359965940224570
35851102000940 359965940224588
35851102000946 359965940224596
35851102000947 359965940224604
35851102000949 359965940224612
35851102000950 359965940224620
35851102000951 359965940224638
35851102000952 359965940224646
35851102000954 359965940224653
35851102000955 359965940224661
35851102000957 359965940224679
35851102000960 359965940224687
35851102000961 359965940224695
35851102000962 359965940224703
35851102000964 359965940224711
35851102000967 359965940224729
35851102000968 359965940224737
35851102000969 359965940224745
35851102000970 359965940224752
35851102000972 359965940224760
35851102000973 359965940224778
35851102000974 359965940224786
35851102000976 359965940224794
35851102000977 359965940224802
35851102000978 359965940224810
35851102000979 359965940224828
35851102000980 359965940224836
35851102000982 359965940224844
35851102000988 359965940224851
35851102000990 359965940224869
35851102000993 359965940224877
35851102000996 359965940224885
35851102000998 359965940224893
